35 86
1 4 20 25 30 
0 2 23 28 33 
1 3 21 26 31 
2 4 24 29 34 
0 3 22 27 32 
6 9 15 30 
5 7 18 33 8 
6 8 16 31 9 
7 9 19 34 6 
5 8 17 32 7 
11 14 15 20 
10 12 18 23 13 
11 13 16 21 14 
12 14 19 24 11 
10 13 17 22 12 
16 19 5 10 25 
15 17 7 12 28 
16 18 9 14 26 
17 19 6 11 29 
15 18 8 13 27 
21 24 0 10 30 
20 22 2 12 33 
21 23 4 14 31 
22 24 1 11 34 
20 23 3 13 32 
26 29 0 15 
25 27 2 17 28 
26 28 4 19 29 
27 29 1 16 26 
25 28 3 18 27 
31 34 0 5 20 
30 32 2 7 22 
31 33 4 9 24 
32 34 1 6 21 
30 33 3 8 23 
