57 224
49 50 51 52 53 54 55 56 
6 13 20 27 34 41 48 56 
3 10 17 24 31 38 45 56 
2 9 16 23 30 37 44 56 
5 12 19 26 33 40 47 56 
4 11 18 25 32 39 46 56 
1 8 15 22 29 36 43 56 
42 43 44 45 46 47 48 49 
6 12 18 24 30 36 42 55 
3 13 16 26 29 39 42 54 
2 11 20 22 31 40 42 53 
5 10 15 27 32 37 42 52 
4 8 19 23 34 38 42 51 
1 9 17 25 33 41 42 50 
21 22 23 24 25 26 27 49 
6 11 16 21 33 38 43 52 
3 9 15 21 34 40 46 55 
2 13 21 32 36 47 51 
5 8 21 31 41 44 54 
4 12 20 21 29 37 45 50 
1 10 19 21 30 39 48 53 
14 15 16 17 18 19 20 49 
6 10 14 25 29 40 44 51 
3 12 14 32 41 43 53 
2 8 14 27 33 39 45 55 
5 13 14 22 30 38 46 50 
4 9 14 31 36 48 52 
1 11 14 24 34 37 47 54 
35 36 37 38 39 40 41 49 
6 9 19 22 32 35 45 54 
3 8 20 25 35 47 52 
2 10 18 26 34 35 43 50 
5 11 17 23 29 35 48 55 
4 13 15 24 35 44 53 
1 12 16 27 31 35 46 51 
28 29 30 31 32 33 34 49 
6 8 17 26 28 37 46 53 
3 11 19 27 28 36 44 50 
2 12 15 25 28 48 54 
5 9 20 24 28 43 51 
4 10 16 22 28 41 47 55 
1 13 18 23 28 40 45 52 
7 8 9 10 11 12 13 49 
6 7 15 23 31 39 47 50 
3 7 18 22 33 37 48 51 
2 7 19 24 29 41 46 52 
5 7 16 25 34 36 45 53 
4 7 17 27 30 40 43 54 
1 7 20 26 32 38 44 55 
0 7 14 21 28 35 42 56 
0 13 19 25 31 37 43 55 
0 12 17 22 34 39 44 52 
0 11 15 26 30 41 45 51 
0 10 20 23 33 36 46 54 
0 9 18 27 29 38 47 53 
0 8 16 24 32 40 48 50 
0 1 2 3 4 5 6 49 
